public/data/busan_tp_wind_202410160900.json
[
  {
    "header": {
      "parameterCategory": 2,
      "parameterNumber": 2,
      "parameterNumberName": "U-component_of_wind",
      "nx": 12,
      "ny": 36,
      "lo1": 128.9307,
      "la1": 35.1336,
      "lo2": 129.0155,
      "la2": 35.0242,
      "dx": 0.0073,
      "dy": 0.0035
    },
    "data": [
      -0.0695,
      -0.0695,
      -0.0695,
      -0.0695,
      -0.0695,
      -0.0695,
      -0.0695,
      -0.0695,
      -0.0695,
      0.1893,
      0.1893,
      0.1893,
      0.1869,
      0.1869,
      0.3928,
      0.0322,
      -0.0695,
      -0.0695,
      -0.0695,
      -0.0695,
      -0.0695,
      -0.0695,
      -0.0695,
      -0.0695,
      -0.0695,
      0.1893,
      0.1893,
      0.1893,
      0.1869,
      0.1869,
      0.1664,
      0.0322,
      -0.0695,
      -0.0695,
      -0.0695,
      -0.0695,
      -0.0695,
      -0.0695,
      -0.0695,
      -0.0695,
      -0.0695,
      -0.0695,
      0.1893,
      0.1903,
      0.187,
      0.1868,
      0.1664,
      0.0069,
      0.2169,
      0.2169,
      -0.0695,
      -0.0695,
      -0.0695,
      -0.0695,
      -0.0695,
      -0.0695,
      -0.0695,
      -0.0695,
      0.1898,
      0.2235,
      0.1873,
      0.1658,
      0.0068,
      0.0107,
      0.2169,
      0.2169,
      0.2169,
      0.2169,
      0.2169,
      0.2169,
      -0.0695,
      -0.0695,
      -0.0695,
      -0.0695,
      -0.0675,
      0.5412,
      0.068,
      0.1628,
      0.0049,
      0.0107,
      0.2169,
      0.2169,
      0.2169,
      0.2169,
      0.2169,
      0.2169,
      0.2169,
      0.2169,
      0.2169,
      -0.0695,
      -0.0702,
      0.1014,
      -0.0724,
      0.1334,
      0.0093,
      0.0107,
      0.2169,
      0.2169,
      0.2169,
      0.2169,
      0.2169,
      0.2169,
      0.2169,
      0.2169,
      0.2169,
      0.2169,
      0.2002,
      -0.807,
      -0.3154,
      0.199,
      -0.0137,
      -0.1792,
      0.2169,
      0.2169,
      0.2169,
      0.2169,
      -0.1008,
      -0.1008,
      -0.1008,
      -0.1008,
      -0.1008,
      -0.1008,
      -0.1056,
      0.0155,
      -0.7298,
      -0.3072,
      -0.1507,
      -0.1318,
      -0.1008,
      -0.1008,
      -0.1008,
      -0.1008,
      -0.1008,
      -0.1008,
      -0.1008,
      -0.1008,
      -0.1008,
      -0.1008,
      -0.0997,
      0.0675,
      -0.4196,
      -0.1698,
      -0.1013,
      -0.0156,
      -0.422,
      -0.422,
      -0.422,
      -0.422,
      -0.422,
      -0.422,
      -0.422,
      -0.5353,
      -0.5353,
      -0.5353,
      -0.2392,
      -0.2394,
      0.0085,
      -0.1702,
      0.1364,
      0.0077,
      -0.422,
      -0.422,
      -0.422,
      -0.422,
      -0.422,
      -0.5353,
      -0.5353,
      -0.5353,
      -0.5353,
      -0.2393,
      -0.2401,
      -0.5547,
      -0.6881,
      -0.2555,
      0.0269,
      0.0136,
      -0.422,
      -0.422,
      -0.5353,
      -0.5353,
      -0.5353,
      -0.5353,
      -0.5353,
      -0.5353,
      -0.2393,
      -0.2393,
      -0.5495,
      -0.7218,
      -0.694,
      -0.1772,
      -0.1588,
      -0.184,
      -0.5353,
      -0.5353,
      -0.5353,
      -0.5353,
      -0.5353,
      -0.5353,
      -0.5353,
      -0.2393,
      -0.2393,
      -0.2393,
      -0.6291,
      -0.6343,
      -0.6332,
      -0.5003,
      -0.1839,
      -0.1846,
      -0.5353,
      -0.5353,
      -0.5353,
      -0.5353,
      -0.5353,
      -0.2393,
      -0.2393,
      -0.2393,
      -0.2393,
      -0.549,
      -0.629,
      -0.6291,
      -0.6291,
      -0.5,
      -0.5,
      -0.1847,
      -0.5353,
      -0.5353,
      -0.5353,
      -0.5353,
      -0.2393,
      -0.2393,
      -0.2393,
      -0.2393,
      -0.549,
      -0.629,
      -0.629,
      -0.629,
      -0.5262,
      -0.5,
      -0.5,
      -0.1847,
      -0.5353,
      -0.5353,
      -0.5353,
      -0.2393,
      -0.2393,
      -0.2393,
      -0.2393,
      -0.549,
      -0.549,
      -0.629,
      -0.629,
      -0.629,
      -0.5262,
      -0.5,
      -0.5,
      -0.1847,
      -0.5353,
      -0.5353,
      -0.2393,
      -0.2393,
      -0.2393,
      -0.2393,
      -0.3822,
      -0.549,
      -0.629,
      -0.629,
      -0.629,
      -0.629,
      -0.5262,
      -0.5,
      -0.5,
      -0.1847,
      -0.5353,
      -0.2393,
      -0.2393,
      -0.2393,
      -0.2393,
      -0.3822,
      -0.549,
      -0.629,
      -0.629,
      -0.629,
      -0.629,
      -0.629,
      -0.5262,
      -0.5,
      -0.5,
      -0.5,
      -0.2393,
      -0.2393,
      -0.2393,
      -0.2393,
      -0.3822,
      -0.3822,
      -0.549,
      -0.629,
      -0.629,
      -0.629,
      -0.629,
      -0.5262,
      -0.5262,
      -0.5,
      -0.5,
      -0.5,
      -0.2393,
      -0.2393,
      -0.2393,
      -0.3822,
      -0.3822,
      -0.549,
      -0.629,
      -0.629,
      -0.629,
      -0.629,
      -0.629,
      -0.5262,
      -0.5262,
      -0.5,
      -0.5,
      -0.5,
      -0.2393,
      -0.2393,
      -0.3822,
      -0.3822,
      -0.549,
      -0.549,
      -0.629,
      -0.629,
      -0.629,
      -0.629,
      -0.629,
      -0.5262,
      -0.5262,
      -0.5,
      -0.5,
      -0.5,
      -0.2393,
      -0.2393,
      -0.3822,
      -0.3822,
      -0.549,
      -0.629,
      -0.629,
      -0.629,
      -0.629,
      -0.629,
      -0.5262,
      -0.5262,
      -0.5262,
      -0.5,
      -0.5,
      -0.5,
      -0.2393,
      -0.3822,
      -0.3822,
      -0.549,
      -0.549,
      -0.629,
      -0.629,
      -0.629,
      -0.629,
      -0.629,
      -0.5262,
      -0.5262,
      -0.5262,
      -0.5,
      -0.5,
      -0.5,
      -0.3822,
      -0.3822,
      -0.3822,
      -0.549,
      -0.629,
      -0.629,
      -0.629,
      -0.629,
      -0.629,
      -0.629,
      -0.5262,
      -0.5262,
      -0.5262,
      -0.5,
      -0.5,
      -0.5,
      -0.3822,
      -0.3822,
      -0.549,
      -0.629,
      -0.629,
      -0.629,
      -0.629,
      -0.629,
      -0.629,
      -0.629,
      -0.5262,
      -0.5262,
      -0.5262,
      -0.5,
      -0.5,
      -0.5
    ]
  },
  {
    "header": {
      "parameterCategory": 2,
      "parameterNumber": 3,
      "parameterNumberName": "V-component_of_wind",
      "nx": 12,
      "ny": 36,
      "lo1": 128.9307,
      "la1": 35.1336,
      "lo2": 129.0155,
      "la2": 35.0242,
      "dx": 0.0073,
      "dy": 0.0035
    },
    "data": [
      -0.2698,
      -0.2698,
      -0.2698,
      -0.2698,
      -0.2698,
      -0.2698,
      -0.2698,
      -0.2698,
      -0.2698,
      -0.115,
      -0.115,
      -0.115,
      -0.1203,
      -0.1203,
      -0.1647,
      -0.0227,
      -0.2698,
      -0.2698,
      -0.2698,
      -0.2698,
      -0.2698,
      -0.2698,
      -0.2698,
      -0.2698,
      -0.2698,
      -0.115,
      -0.1151,
      -0.1158,
      -0.1202,
      -0.1202,
      -0.1089,
      -0.0227,
      -0.2698,
      -0.2698,
      -0.2698,
      -0.2698,
      -0.2698,
      -0.2698,
      -0.2698,
      -0.2698,
      -0.2698,
      -0.2699,
      -0.1171,
      -0.1306,
      -0.1164,
      -0.1186,
      -0.1076,
      -0.0205,
      -0.0644,
      -0.0644,
      -0.2698,
      -0.2698,
      -0.2698,
      -0.2698,
      -0.2698,
      -0.2698,
      -0.2698,
      -0.2699,
      -0.1283,
      -0.2515,
      -0.0509,
      -0.1009,
      -0.0156,
      -0.1188,
      -0.0644,
      -0.0644,
      -0.0644,
      -0.0644,
      -0.0644,
      -0.0644,
      -0.2698,
      -0.2698,
      -0.2698,
      -0.27,
      -0.2844,
      -0.4338,
      0.1259,
      -0.0947,
      0.0017,
      -0.1148,
      -0.0644,
      -0.0644,
      -0.0644,
      -0.0644,
      -0.0644,
      -0.0644,
      -0.0644,
      -0.0644,
      -0.0644,
      -0.2701,
      -0.2709,
      0.0041,
      -0.0248,
      -0.2368,
      -0.0821,
      -0.114,
      -0.0644,
      -0.0644,
      -0.0644,
      -0.0644,
      -0.0644,
      -0.0644,
      -0.0644,
      -0.0644,
      -0.0644,
      -0.0661,
      -0.1847,
      -0.4472,
      0.0245,
      -0.1788,
      0.0163,
      -0.3434,
      -0.0644,
      -0.0644,
      -0.0644,
      -0.0644,
      -0.0416,
      -0.0416,
      -0.0416,
      -0.0416,
      -0.0416,
      -0.0428,
      -0.1088,
      0.0041,
      0.6881,
      -0.2928,
      -0.2008,
      -0.2832,
      -0.0416,
      -0.0416,
      -0.0416,
      -0.0416,
      -0.0416,
      -0.0416,
      -0.0416,
      -0.0416,
      -0.0416,
      -0.0417,
      -0.0198,
      0.1832,
      0.417,
      -1.2811,
      -0.2677,
      -0.4685,
      0.5154,
      0.5154,
      0.5154,
      0.5154,
      0.5154,
      0.5154,
      0.5154,
      0.3029,
      0.3029,
      0.303,
      0.5414,
      0.4697,
      -0.0003,
      -0.3568,
      0.3358,
      -0.4819,
      0.5154,
      0.5154,
      0.5154,
      0.5154,
      0.5154,
      0.3029,
      0.3029,
      0.3029,
      0.3029,
      0.5377,
      0.5559,
      0.9453,
      0.3358,
      -0.1373,
      -0.4548,
      -0.5826,
      0.5154,
      0.5154,
      0.3029,
      0.3029,
      0.3029,
      0.3029,
      0.3029,
      0.3029,
      0.5376,
      0.5377,
      0.3624,
      0.9396,
      0.6386,
      -0.1449,
      -0.4449,
      -0.2077,
      0.3029,
      0.3029,
      0.3029,
      0.3029,
      0.3029,
      0.3029,
      0.3029,
      0.5376,
      0.5376,
      0.5376,
      0.4441,
      0.5456,
      0.5006,
      0.2764,
      -0.2146,
      -0.1809,
      0.3029,
      0.3029,
      0.3029,
      0.3029,
      0.3029,
      0.5376,
      0.5376,
      0.5376,
      0.5376,
      0.34,
      0.4387,
      0.4465,
      0.4437,
      0.3083,
      0.3066,
      -0.175,
      0.3029,
      0.3029,
      0.3029,
      0.3029,
      0.5376,
      0.5376,
      0.5376,
      0.5376,
      0.34,
      0.438,
      0.4381,
      0.4384,
      0.1556,
      0.3103,
      0.3102,
      -0.1745,
      0.3029,
      0.3029,
      0.3029,
      0.5376,
      0.5376,
      0.5376,
      0.5376,
      0.34,
      0.34,
      0.438,
      0.438,
      0.4381,
      0.1553,
      0.3103,
      0.3103,
      -0.1745,
      0.3029,
      0.3029,
      0.5376,
      0.5376,
      0.5376,
      0.5376,
      0.4106,
      0.34,
      0.438,
      0.438,
      0.438,
      0.438,
      0.1553,
      0.3103,
      0.3103,
      -0.1745,
      0.3029,
      0.5376,
      0.5376,
      0.5376,
      0.5376,
      0.4106,
      0.34,
      0.438,
      0.438,
      0.438,
      0.438,
      0.438,
      0.1553,
      0.3103,
      0.3103,
      0.3103,
      0.5376,
      0.5376,
      0.5376,
      0.5376,
      0.4106,
      0.4106,
      0.34,
      0.438,
      0.438,
      0.438,
      0.438,
      0.1553,
      0.1553,
      0.3103,
      0.3103,
      0.3103,
      0.5376,
      0.5376,
      0.5376,
      0.4106,
      0.4106,
      0.34,
      0.438,
      0.438,
      0.438,
      0.438,
      0.438,
      0.1553,
      0.1553,
      0.3103,
      0.3103,
      0.3103,
      0.5376,
      0.5376,
      0.4106,
      0.4106,
      0.34,
      0.34,
      0.438,
      0.438,
      0.438,
      0.438,
      0.438,
      0.1553,
      0.1553,
      0.3103,
      0.3103,
      0.3103,
      0.5376,
      0.5376,
      0.4106,
      0.4106,
      0.34,
      0.438,
      0.438,
      0.438,
      0.438,
      0.438,
      0.1553,
      0.1553,
      0.1553,
      0.3103,
      0.3103,
      0.3103,
      0.5376,
      0.4106,
      0.4106,
      0.34,
      0.34,
      0.438,
      0.438,
      0.438,
      0.438,
      0.438,
      0.1553,
      0.1553,
      0.1553,
      0.3103,
      0.3103,
      0.3103,
      0.4106,
      0.4106,
      0.4106,
      0.34,
      0.438,
      0.438,
      0.438,
      0.438,
      0.438,
      0.438,
      0.1553,
      0.1553,
      0.1553,
      0.3103,
      0.3103,
      0.3103,
      0.4106,
      0.4106,
      0.34,
      0.438,
      0.438,
      0.438,
      0.438,
      0.438,
      0.438,
      0.438,
      0.1553,
      0.1553,
      0.1553,
      0.3103,
      0.3103,
      0.3103
    ]
  }
]